%YAML:1.0
---
model_type: MEI
camera_name: camera
image_width: 848
image_height: 800
mirror_parameters:
   xi: 1.6943561
distortion_parameters:
   k1: -0.03516871345293436
   k2: 0.3198149727184198
   p1: 0.0014114884112047957
   p2: 0.0016712028112149438
projection_parameters:
   gamma1: 802.7490856677666
   gamma2: 801.2078022190207
   u0: 414.9122128930644
   v0: 388.35118708809125
