%YAML:1.0
---
model_type: PINHOLE
camera_name: camera
image_width: 640
image_height: 480
distortion_parameters:
   k1: 0
   k2: 0
   p1: 0
   p2: 0
projection_parameters:
   fx: 385.117095947266
   fy: 385.117095947266
   cx: 316.449890136719
   cy: 242.966033935547

